0 0.143653 0.3050944 0.1585602 0.1096657
0 0.8579774 0.4454235 0.126353 0.0862173
0 0.4671062 0.07503577 0.08421241 0.07365845
0 0.7384073 0.5217255 0.5231855 0.411451
0 0.08039741 0.7515988 0.1329892 0.08684974
0 0.04753973 0.2546009 0.09507946 0.06162887
0 0.3545262 0.4837745 0.04860697 0.06167788
0 0.3240069 0.422376 0.04015554 0.0498802
0 0.1595114 0.4007314 0.05711094 0.05808446
0 0.6939136 0.1799638 0.137025 0.1076703
0 0.450657 0.1770429 0.05426437 0.04942274
0 0.8536148 0.09041636 0.2515227 0.1808327
0 0.1177376 0.6700045 0.06574276 0.0605684
