0 0.4993324 0.7113463 0.07806665 0.1044771
0 0.6584836 0.4240543 0.137772 0.1254391
0 0.1429534 0.8663999 0.1512413 0.1146486
0 0.3864256 0.5714727 0.05223172 0.06343196
0 0.1840639 0.2152654 0.1157159 0.09938918
0 0.4105782 0.5722754 0.07142951 0.06454014
0 0.8372616 0.5559675 0.0731288 0.06618039
0 0.7514585 0.8468361 0.1199491 0.1056189
0 0.525508 0.5978472 0.06318342 0.05970933
0 0.6232971 0.907137 0.109112 0.09945472
0 0.9576789 0.8977329 0.08464223 0.108199
0 0.5231524 0.517316 0.1725468 0.2285259
0 0.6737549 0.8295584 0.07870983 0.07086407
0 0.2498296 0.6451862 0.06753905 0.07180604
0 0.6365444 0.7604954 0.09943384 0.09052966
0 0.8004383 0.9420981 0.07706711 0.06673598
