0 0.3293599 0.9643223 0.1847726 0.07135537
0 0.7808022 0.8458797 0.0813142 0.0810361
0 0.2895066 0.4689061 0.4431844 0.5139782
0 0.4198352 0.923413 0.2366758 0.153174
0 0.6990697 0.6510695 0.08710862 0.08375186
0 0.8730453 0.2810825 0.1805598 0.1888255
0 0.8864459 0.6643031 0.1020698 0.100543
0 0.498876 0.7603058 0.100316 0.09873353
0 0.6627319 0.164606 0.08508892 0.1058372
0 0.5553418 0.5697829 0.09003074 0.09637529
0 0.651445 0.7457955 0.06911589 0.07476979
0 0.6936076 0.9712553 0.1195327 0.05748941
0 0.8444712 0.6536219 0.1093437 0.1107119
