0 0.6877595 0.9641768 0.1472878 0.07164637
0 0.2704311 0.642086 0.2897871 0.2628739
0 0.3322642 0.9839399 0.08527303 0.03212023
0 0.6997629 0.9369628 0.07239884 0.06993704
0 0.5171227 0.7248491 0.06400005 0.06267191
0 0.8295784 0.9756637 0.1253315 0.04867251
0 0.7388932 0.9222329 0.08354744 0.07710279
0 0.4484433 0.6246862 0.05877689 0.07674527
0 0.8972325 0.8633263 0.07991224 0.06823402
0 0.3675616 0.9422723 0.06328274 0.06628859
0 0.5589621 0.7309489 0.1112785 0.1074048
0 0.19321 0.9365042 0.09425566 0.09514464
