0 0.5372488 0.4881386 0.01354704 0.0147042
0 0.6369659 0.1770288 0.009003992 0.009495203
0 0.4061002 0.6899903 0.0167013 0.01817508
0 0.875661 0.7617385 0.02099901 0.01621071
0 0.5704846 0.3889137 0.01438681 0.02926143
0 0.545494 0.2655028 0.01696274 0.01915514
0 0.4771818 0.8960072 0.02181269 0.022405
0 0.7833962 0.07750186 0.01236415 0.02110053
0 0.2790719 0.2465605 0.01892807 0.02052329
0 0.9809082 0.2828296 0.02340744 0.01852594
0 0.7576883 0.3522951 0.01226238 0.02084688
0 0.2989524 0.4148096 0.03690582 0.0395484
0 0.6435502 0.08111512 0.0103661 0.01104806
0 0.7135231 0.05548939 0.01722306 0.01755919
